601 8 10000 1 0.5 0.75 0.05 300 8
676 8 1000 2 0.5 0.75 0.05 300 2
826 8 1000 2 0.5 0.75 0.05 300 8
1995 32 10000 5 0.5 0.95 0.05 300 8
2026 8 1000 10 0.5 0.75 0.05 300 2
2401 8 5000 10 0.5 0.75 0.05 300 8
2476 8 10000 10 0.5 0.75 0.05 300 2
2551 8 10000 10 0.5 0.75 0.05 300 4
2626 8 10000 10 0.5 0.75 0.05 300 8
2665 32 10000 10 0.5 0.85 0.05 300 8
2701 8 1000 1 0.5 0.75 0.05 500 2
3837 8 10000 2 0.5 0.95 0.05 500 2
3838 8 10000 2 0.5 0.95 0.05 500 2
3839 8 10000 2 0.5 0.95 0.05 500 2
3842 16 10000 2 0.5 0.75 0.05 500 2
3843 16 10000 2 0.5 0.75 0.05 500 2
3844 16 10000 2 0.5 0.75 0.05 500 2
3845 16 10000 2 0.5 0.75 0.05 500 2
3846 16 10000 2 0.5 0.85 0.05 500 2
3847 16 10000 2 0.5 0.85 0.05 500 2
4007 32 10000 2 0.5 0.75 0.05 500 8
4426 8 5000 5 0.5 0.75 0.05 500 8
4576 8 10000 5 0.5 0.75 0.05 500 4
4651 8 10000 5 0.5 0.75 0.05 500 8
4672 16 10000 5 0.5 0.85 0.05 500 8
4673 16 10000 5 0.5 0.85 0.05 500 8
4674 16 10000 5 0.5 0.85 0.05 500 8
4675 16 10000 5 0.5 0.85 0.05 500 8
4678 16 10000 5 0.5 0.95 0.05 500 8
4679 16 10000 5 0.5 0.95 0.05 500 8
4680 16 10000 5 0.5 0.95 0.05 500 8
4682 32 10000 5 0.5 0.75 0.05 500 8
4683 32 10000 5 0.5 0.75 0.05 500 8
4684 32 10000 5 0.5 0.75 0.05 500 8
4686 32 10000 5 0.5 0.85 0.05 500 8
4687 32 10000 5 0.5 0.85 0.05 500 8
4689 32 10000 5 0.5 0.85 0.05 500 8
4690 32 10000 5 0.5 0.85 0.05 500 8
4693 32 10000 5 0.5 0.95 0.05 500 8
4694 32 10000 5 0.5 0.95 0.05 500 8
4695 32 10000 5 0.5 0.95 0.05 500 8
4726 8 1000 10 0.5 0.75 0.05 500 2
5101 8 5000 10 0.5 0.75 0.05 500 8
5176 8 10000 10 0.5 0.75 0.05 500 2
5251 8 10000 10 0.5 0.75 0.05 500 4
5282 32 10000 10 0.5 0.75 0.05 500 4
5283 32 10000 10 0.5 0.75 0.05 500 4
5284 32 10000 10 0.5 0.75 0.05 500 4
5287 32 10000 10 0.5 0.85 0.05 500 4
5288 32 10000 10 0.5 0.85 0.05 500 4
5290 32 10000 10 0.5 0.85 0.05 500 4
5291 32 10000 10 0.5 0.95 0.05 500 4
5292 32 10000 10 0.5 0.95 0.05 500 4
5294 32 10000 10 0.5 0.95 0.05 500 4
5295 32 10000 10 0.5 0.95 0.05 500 4
5326 8 10000 10 0.5 0.75 0.05 500 8
5342 16 10000 10 0.5 0.75 0.05 500 8
5343 16 10000 10 0.5 0.75 0.05 500 8
5344 16 10000 10 0.5 0.75 0.05 500 8
5345 16 10000 10 0.5 0.75 0.05 500 8
5346 16 10000 10 0.5 0.85 0.05 500 8
5347 16 10000 10 0.5 0.85 0.05 500 8
5348 16 10000 10 0.5 0.85 0.05 500 8
5349 16 10000 10 0.5 0.85 0.05 500 8
5351 16 10000 10 0.5 0.95 0.05 500 8
5352 16 10000 10 0.5 0.95 0.05 500 8
5353 16 10000 10 0.5 0.95 0.05 500 8
5354 16 10000 10 0.5 0.95 0.05 500 8
5355 16 10000 10 0.5 0.95 0.05 500 8
5356 32 10000 10 0.5 0.75 0.05 500 8
5357 32 10000 10 0.5 0.75 0.05 500 8
5358 32 10000 10 0.5 0.75 0.05 500 8
5359 32 10000 10 0.5 0.75 0.05 500 8
5360 32 10000 10 0.5 0.75 0.05 500 8
5361 32 10000 10 0.5 0.85 0.05 500 8
5362 32 10000 10 0.5 0.85 0.05 500 8
5363 32 10000 10 0.5 0.85 0.05 500 8
5364 32 10000 10 0.5 0.85 0.05 500 8
5365 32 10000 10 0.5 0.85 0.05 500 8
5366 32 10000 10 0.5 0.95 0.05 500 8
5367 32 10000 10 0.5 0.95 0.05 500 8
5368 32 10000 10 0.5 0.95 0.05 500 8
5369 32 10000 10 0.5 0.95 0.05 500 8
5370 32 10000 10 0.5 0.95 0.05 500 8
5401 8 1000 1 0.5 0.75 0.05 800 2
5961 32 10000 1 0.5 0.85 0.05 800 4
6036 32 10000 1 0.5 0.85 0.05 800 8
6037 32 10000 1 0.5 0.85 0.05 800 8
6040 32 10000 1 0.5 0.85 0.05 800 8
6076 8 1000 2 0.5 0.75 0.05 800 2
6494 32 5000 2 0.5 0.95 0.05 800 8
6601 8 10000 2 0.5 0.75 0.05 800 4
6641 32 10000 2 0.5 0.95 0.05 800 4
6696 16 10000 2 0.5 0.85 0.05 800 8
6706 32 10000 2 0.5 0.75 0.05 800 8
6713 32 10000 2 0.5 0.85 0.05 800 8
6751 8 1000 5 0.5 0.75 0.05 800 2
6976 8 5000 5 0.5 0.75 0.05 800 2
7004 16 5000 5 0.5 0.95 0.05 800 2
7006 32 5000 5 0.5 0.75 0.05 800 2
7009 32 5000 5 0.5 0.75 0.05 800 2
7010 32 5000 5 0.5 0.75 0.05 800 2
7011 32 5000 5 0.5 0.85 0.05 800 2
7012 32 5000 5 0.5 0.85 0.05 800 2
7013 32 5000 5 0.5 0.85 0.05 800 2
7014 32 5000 5 0.5 0.85 0.05 800 2
7015 32 5000 5 0.5 0.85 0.05 800 2
7016 32 5000 5 0.5 0.95 0.05 800 2
7018 32 5000 5 0.5 0.95 0.05 800 2
7051 8 5000 5 0.5 0.75 0.05 800 4
7052 8 5000 5 0.5 0.75 0.05 800 4
7057 8 5000 5 0.5 0.85 0.05 800 4
7067 16 5000 5 0.5 0.75 0.05 800 4
7068 16 5000 5 0.5 0.75 0.05 800 4
7070 16 5000 5 0.5 0.75 0.05 800 4
7071 16 5000 5 0.5 0.85 0.05 800 4
7072 16 5000 5 0.5 0.85 0.05 800 4
7076 16 5000 5 0.5 0.95 0.05 800 4
7077 16 5000 5 0.5 0.95 0.05 800 4
7078 16 5000 5 0.5 0.95 0.05 800 4
7079 16 5000 5 0.5 0.95 0.05 800 4
7081 32 5000 5 0.5 0.75 0.05 800 4
7082 32 5000 5 0.5 0.75 0.05 800 4
7084 32 5000 5 0.5 0.75 0.05 800 4
7085 32 5000 5 0.5 0.75 0.05 800 4
7086 32 5000 5 0.5 0.85 0.05 800 4
7087 32 5000 5 0.5 0.85 0.05 800 4
7088 32 5000 5 0.5 0.85 0.05 800 4
7090 32 5000 5 0.5 0.85 0.05 800 4
7091 32 5000 5 0.5 0.95 0.05 800 4
7092 32 5000 5 0.5 0.95 0.05 800 4
7093 32 5000 5 0.5 0.95 0.05 800 4
7095 32 5000 5 0.5 0.95 0.05 800 4
7126 8 5000 5 0.5 0.75 0.05 800 8
7129 8 5000 5 0.5 0.75 0.05 800 8
7130 8 5000 5 0.5 0.75 0.05 800 8
7136 8 5000 5 0.5 0.95 0.05 800 8
7143 16 5000 5 0.5 0.75 0.05 800 8
7144 16 5000 5 0.5 0.75 0.05 800 8
7145 16 5000 5 0.5 0.75 0.05 800 8
7148 16 5000 5 0.5 0.85 0.05 800 8
7151 16 5000 5 0.5 0.95 0.05 800 8
7152 16 5000 5 0.5 0.95 0.05 800 8
7154 16 5000 5 0.5 0.95 0.05 800 8
7155 16 5000 5 0.5 0.95 0.05 800 8
7157 32 5000 5 0.5 0.75 0.05 800 8
7158 32 5000 5 0.5 0.75 0.05 800 8
7159 32 5000 5 0.5 0.75 0.05 800 8
7161 32 5000 5 0.5 0.85 0.05 800 8
7162 32 5000 5 0.5 0.85 0.05 800 8
7164 32 5000 5 0.5 0.85 0.05 800 8
7165 32 5000 5 0.5 0.85 0.05 800 8
7167 32 5000 5 0.5 0.95 0.05 800 8
7168 32 5000 5 0.5 0.95 0.05 800 8
7169 32 5000 5 0.5 0.95 0.05 800 8
7170 32 5000 5 0.5 0.95 0.05 800 8
7201 8 10000 5 0.5 0.75 0.05 800 2
7202 8 10000 5 0.5 0.75 0.05 800 2
7203 8 10000 5 0.5 0.75 0.05 800 2
7204 8 10000 5 0.5 0.75 0.05 800 2
7211 8 10000 5 0.5 0.95 0.05 800 2
7216 16 10000 5 0.5 0.75 0.05 800 2
7218 16 10000 5 0.5 0.75 0.05 800 2
7219 16 10000 5 0.5 0.75 0.05 800 2
7220 16 10000 5 0.5 0.75 0.05 800 2
7221 16 10000 5 0.5 0.85 0.05 800 2
7223 16 10000 5 0.5 0.85 0.05 800 2
7224 16 10000 5 0.5 0.85 0.05 800 2
7225 16 10000 5 0.5 0.85 0.05 800 2
7226 16 10000 5 0.5 0.95 0.05 800 2
7227 16 10000 5 0.5 0.95 0.05 800 2
7229 16 10000 5 0.5 0.95 0.05 800 2
7230 16 10000 5 0.5 0.95 0.05 800 2
7231 32 10000 5 0.5 0.75 0.05 800 2
7232 32 10000 5 0.5 0.75 0.05 800 2
7233 32 10000 5 0.5 0.75 0.05 800 2
7234 32 10000 5 0.5 0.75 0.05 800 2
7235 32 10000 5 0.5 0.75 0.05 800 2
7236 32 10000 5 0.5 0.85 0.05 800 2
7237 32 10000 5 0.5 0.85 0.05 800 2
7238 32 10000 5 0.5 0.85 0.05 800 2
7240 32 10000 5 0.5 0.85 0.05 800 2
7241 32 10000 5 0.5 0.95 0.05 800 2
7242 32 10000 5 0.5 0.95 0.05 800 2
7243 32 10000 5 0.5 0.95 0.05 800 2
7244 32 10000 5 0.5 0.95 0.05 800 2
7245 32 10000 5 0.5 0.95 0.05 800 2
7276 8 10000 5 0.5 0.75 0.05 800 4
7277 8 10000 5 0.5 0.75 0.05 800 4
7278 8 10000 5 0.5 0.75 0.05 800 4
7280 8 10000 5 0.5 0.75 0.05 800 4
7282 8 10000 5 0.5 0.85 0.05 800 4
7283 8 10000 5 0.5 0.85 0.05 800 4
7284 8 10000 5 0.5 0.85 0.05 800 4
7285 8 10000 5 0.5 0.85 0.05 800 4
7287 8 10000 5 0.5 0.95 0.05 800 4
7288 8 10000 5 0.5 0.95 0.05 800 4
7289 8 10000 5 0.5 0.95 0.05 800 4
7291 16 10000 5 0.5 0.75 0.05 800 4
7292 16 10000 5 0.5 0.75 0.05 800 4
7293 16 10000 5 0.5 0.75 0.05 800 4
7294 16 10000 5 0.5 0.75 0.05 800 4
7295 16 10000 5 0.5 0.75 0.05 800 4
7296 16 10000 5 0.5 0.85 0.05 800 4
7297 16 10000 5 0.5 0.85 0.05 800 4
7298 16 10000 5 0.5 0.85 0.05 800 4
7299 16 10000 5 0.5 0.85 0.05 800 4
7300 16 10000 5 0.5 0.85 0.05 800 4
7301 16 10000 5 0.5 0.95 0.05 800 4
7302 16 10000 5 0.5 0.95 0.05 800 4
7303 16 10000 5 0.5 0.95 0.05 800 4
7304 16 10000 5 0.5 0.95 0.05 800 4
7305 16 10000 5 0.5 0.95 0.05 800 4
7306 32 10000 5 0.5 0.75 0.05 800 4
7307 32 10000 5 0.5 0.75 0.05 800 4
7308 32 10000 5 0.5 0.75 0.05 800 4
7309 32 10000 5 0.5 0.75 0.05 800 4
7310 32 10000 5 0.5 0.75 0.05 800 4
7311 32 10000 5 0.5 0.85 0.05 800 4
7312 32 10000 5 0.5 0.85 0.05 800 4
7313 32 10000 5 0.5 0.85 0.05 800 4
7314 32 10000 5 0.5 0.85 0.05 800 4
7315 32 10000 5 0.5 0.85 0.05 800 4
7316 32 10000 5 0.5 0.95 0.05 800 4
7317 32 10000 5 0.5 0.95 0.05 800 4
7318 32 10000 5 0.5 0.95 0.05 800 4
7319 32 10000 5 0.5 0.95 0.05 800 4
7320 32 10000 5 0.5 0.95 0.05 800 4
7351 8 10000 5 0.5 0.75 0.05 800 8
7352 8 10000 5 0.5 0.75 0.05 800 8
7353 8 10000 5 0.5 0.75 0.05 800 8
7354 8 10000 5 0.5 0.75 0.05 800 8
7355 8 10000 5 0.5 0.75 0.05 800 8
7356 8 10000 5 0.5 0.85 0.05 800 8
7357 8 10000 5 0.5 0.85 0.05 800 8
7358 8 10000 5 0.5 0.85 0.05 800 8
7359 8 10000 5 0.5 0.85 0.05 800 8
7360 8 10000 5 0.5 0.85 0.05 800 8
7361 8 10000 5 0.5 0.95 0.05 800 8
7362 8 10000 5 0.5 0.95 0.05 800 8
7363 8 10000 5 0.5 0.95 0.05 800 8
7364 8 10000 5 0.5 0.95 0.05 800 8
7365 8 10000 5 0.5 0.95 0.05 800 8
7366 16 10000 5 0.5 0.75 0.05 800 8
7367 16 10000 5 0.5 0.75 0.05 800 8
7368 16 10000 5 0.5 0.75 0.05 800 8
7369 16 10000 5 0.5 0.75 0.05 800 8
7370 16 10000 5 0.5 0.75 0.05 800 8
7371 16 10000 5 0.5 0.85 0.05 800 8
7372 16 10000 5 0.5 0.85 0.05 800 8
7373 16 10000 5 0.5 0.85 0.05 800 8
7374 16 10000 5 0.5 0.85 0.05 800 8
7375 16 10000 5 0.5 0.85 0.05 800 8
7376 16 10000 5 0.5 0.95 0.05 800 8
7377 16 10000 5 0.5 0.95 0.05 800 8
7378 16 10000 5 0.5 0.95 0.05 800 8
7379 16 10000 5 0.5 0.95 0.05 800 8
7380 16 10000 5 0.5 0.95 0.05 800 8
7381 32 10000 5 0.5 0.75 0.05 800 8
7382 32 10000 5 0.5 0.75 0.05 800 8
7383 32 10000 5 0.5 0.75 0.05 800 8
7384 32 10000 5 0.5 0.75 0.05 800 8
7385 32 10000 5 0.5 0.75 0.05 800 8
7386 32 10000 5 0.5 0.85 0.05 800 8
7387 32 10000 5 0.5 0.85 0.05 800 8
7388 32 10000 5 0.5 0.85 0.05 800 8
7389 32 10000 5 0.5 0.85 0.05 800 8
7390 32 10000 5 0.5 0.85 0.05 800 8
7391 32 10000 5 0.5 0.95 0.05 800 8
7392 32 10000 5 0.5 0.95 0.05 800 8
7393 32 10000 5 0.5 0.95 0.05 800 8
7394 32 10000 5 0.5 0.95 0.05 800 8
7395 32 10000 5 0.5 0.95 0.05 800 8
7426 8 1000 10 0.5 0.75 0.05 800 2
7427 8 1000 10 0.5 0.75 0.05 800 2
7428 8 1000 10 0.5 0.75 0.05 800 2
7429 8 1000 10 0.5 0.75 0.05 800 2
7430 8 1000 10 0.5 0.75 0.05 800 2
7431 8 1000 10 0.5 0.85 0.05 800 2
7432 8 1000 10 0.5 0.85 0.05 800 2
7433 8 1000 10 0.5 0.85 0.05 800 2
7434 8 1000 10 0.5 0.85 0.05 800 2
7435 8 1000 10 0.5 0.85 0.05 800 2
7436 8 1000 10 0.5 0.95 0.05 800 2
7437 8 1000 10 0.5 0.95 0.05 800 2
7438 8 1000 10 0.5 0.95 0.05 800 2
7439 8 1000 10 0.5 0.95 0.05 800 2
7440 8 1000 10 0.5 0.95 0.05 800 2
7441 16 1000 10 0.5 0.75 0.05 800 2
7442 16 1000 10 0.5 0.75 0.05 800 2
7443 16 1000 10 0.5 0.75 0.05 800 2
7444 16 1000 10 0.5 0.75 0.05 800 2
7445 16 1000 10 0.5 0.75 0.05 800 2
7446 16 1000 10 0.5 0.85 0.05 800 2
7447 16 1000 10 0.5 0.85 0.05 800 2
7448 16 1000 10 0.5 0.85 0.05 800 2
7449 16 1000 10 0.5 0.85 0.05 800 2
7450 16 1000 10 0.5 0.85 0.05 800 2
7451 16 1000 10 0.5 0.95 0.05 800 2
7452 16 1000 10 0.5 0.95 0.05 800 2
7453 16 1000 10 0.5 0.95 0.05 800 2
7454 16 1000 10 0.5 0.95 0.05 800 2
7455 16 1000 10 0.5 0.95 0.05 800 2
7456 32 1000 10 0.5 0.75 0.05 800 2
7457 32 1000 10 0.5 0.75 0.05 800 2
7458 32 1000 10 0.5 0.75 0.05 800 2
7459 32 1000 10 0.5 0.75 0.05 800 2
7460 32 1000 10 0.5 0.75 0.05 800 2
7461 32 1000 10 0.5 0.85 0.05 800 2
7462 32 1000 10 0.5 0.85 0.05 800 2
7463 32 1000 10 0.5 0.85 0.05 800 2
7464 32 1000 10 0.5 0.85 0.05 800 2
7465 32 1000 10 0.5 0.85 0.05 800 2
7466 32 1000 10 0.5 0.95 0.05 800 2
7467 32 1000 10 0.5 0.95 0.05 800 2
7468 32 1000 10 0.5 0.95 0.05 800 2
7469 32 1000 10 0.5 0.95 0.05 800 2
7470 32 1000 10 0.5 0.95 0.05 800 2
7501 8 1000 10 0.5 0.75 0.05 800 4
7502 8 1000 10 0.5 0.75 0.05 800 4
7503 8 1000 10 0.5 0.75 0.05 800 4
7504 8 1000 10 0.5 0.75 0.05 800 4
7505 8 1000 10 0.5 0.75 0.05 800 4
7506 8 1000 10 0.5 0.85 0.05 800 4
7507 8 1000 10 0.5 0.85 0.05 800 4
7508 8 1000 10 0.5 0.85 0.05 800 4
7509 8 1000 10 0.5 0.85 0.05 800 4
7510 8 1000 10 0.5 0.85 0.05 800 4
7511 8 1000 10 0.5 0.95 0.05 800 4
7512 8 1000 10 0.5 0.95 0.05 800 4
7513 8 1000 10 0.5 0.95 0.05 800 4
7514 8 1000 10 0.5 0.95 0.05 800 4
7515 8 1000 10 0.5 0.95 0.05 800 4
7516 16 1000 10 0.5 0.75 0.05 800 4
7517 16 1000 10 0.5 0.75 0.05 800 4
7518 16 1000 10 0.5 0.75 0.05 800 4
7519 16 1000 10 0.5 0.75 0.05 800 4
7520 16 1000 10 0.5 0.75 0.05 800 4
7521 16 1000 10 0.5 0.85 0.05 800 4
7522 16 1000 10 0.5 0.85 0.05 800 4
7523 16 1000 10 0.5 0.85 0.05 800 4
7524 16 1000 10 0.5 0.85 0.05 800 4
7525 16 1000 10 0.5 0.85 0.05 800 4
7526 16 1000 10 0.5 0.95 0.05 800 4
7527 16 1000 10 0.5 0.95 0.05 800 4
7528 16 1000 10 0.5 0.95 0.05 800 4
7529 16 1000 10 0.5 0.95 0.05 800 4
7530 16 1000 10 0.5 0.95 0.05 800 4
7531 32 1000 10 0.5 0.75 0.05 800 4
7532 32 1000 10 0.5 0.75 0.05 800 4
7533 32 1000 10 0.5 0.75 0.05 800 4
7534 32 1000 10 0.5 0.75 0.05 800 4
7535 32 1000 10 0.5 0.75 0.05 800 4
7536 32 1000 10 0.5 0.85 0.05 800 4
7537 32 1000 10 0.5 0.85 0.05 800 4
7538 32 1000 10 0.5 0.85 0.05 800 4
7539 32 1000 10 0.5 0.85 0.05 800 4
7540 32 1000 10 0.5 0.85 0.05 800 4
7541 32 1000 10 0.5 0.95 0.05 800 4
7542 32 1000 10 0.5 0.95 0.05 800 4
7543 32 1000 10 0.5 0.95 0.05 800 4
7544 32 1000 10 0.5 0.95 0.05 800 4
7545 32 1000 10 0.5 0.95 0.05 800 4
7576 8 1000 10 0.5 0.75 0.05 800 8
7577 8 1000 10 0.5 0.75 0.05 800 8
7578 8 1000 10 0.5 0.75 0.05 800 8
7579 8 1000 10 0.5 0.75 0.05 800 8
7580 8 1000 10 0.5 0.75 0.05 800 8
7581 8 1000 10 0.5 0.85 0.05 800 8
7582 8 1000 10 0.5 0.85 0.05 800 8
7583 8 1000 10 0.5 0.85 0.05 800 8
7584 8 1000 10 0.5 0.85 0.05 800 8
7585 8 1000 10 0.5 0.85 0.05 800 8
7586 8 1000 10 0.5 0.95 0.05 800 8
7587 8 1000 10 0.5 0.95 0.05 800 8
7588 8 1000 10 0.5 0.95 0.05 800 8
7589 8 1000 10 0.5 0.95 0.05 800 8
7590 8 1000 10 0.5 0.95 0.05 800 8
7591 16 1000 10 0.5 0.75 0.05 800 8
7592 16 1000 10 0.5 0.75 0.05 800 8
7593 16 1000 10 0.5 0.75 0.05 800 8
7594 16 1000 10 0.5 0.75 0.05 800 8
7595 16 1000 10 0.5 0.75 0.05 800 8
7596 16 1000 10 0.5 0.85 0.05 800 8
7597 16 1000 10 0.5 0.85 0.05 800 8
7598 16 1000 10 0.5 0.85 0.05 800 8
7599 16 1000 10 0.5 0.85 0.05 800 8
7600 16 1000 10 0.5 0.85 0.05 800 8
7601 16 1000 10 0.5 0.95 0.05 800 8
7602 16 1000 10 0.5 0.95 0.05 800 8
7603 16 1000 10 0.5 0.95 0.05 800 8
7604 16 1000 10 0.5 0.95 0.05 800 8
7605 16 1000 10 0.5 0.95 0.05 800 8
7606 32 1000 10 0.5 0.75 0.05 800 8
7607 32 1000 10 0.5 0.75 0.05 800 8
7608 32 1000 10 0.5 0.75 0.05 800 8
7609 32 1000 10 0.5 0.75 0.05 800 8
7610 32 1000 10 0.5 0.75 0.05 800 8
7611 32 1000 10 0.5 0.85 0.05 800 8
7612 32 1000 10 0.5 0.85 0.05 800 8
7613 32 1000 10 0.5 0.85 0.05 800 8
7614 32 1000 10 0.5 0.85 0.05 800 8
7615 32 1000 10 0.5 0.85 0.05 800 8
7616 32 1000 10 0.5 0.95 0.05 800 8
7617 32 1000 10 0.5 0.95 0.05 800 8
7618 32 1000 10 0.5 0.95 0.05 800 8
7619 32 1000 10 0.5 0.95 0.05 800 8
7620 32 1000 10 0.5 0.95 0.05 800 8
7651 8 5000 10 0.5 0.75 0.05 800 2
7652 8 5000 10 0.5 0.75 0.05 800 2
7653 8 5000 10 0.5 0.75 0.05 800 2
7654 8 5000 10 0.5 0.75 0.05 800 2
7655 8 5000 10 0.5 0.75 0.05 800 2
7656 8 5000 10 0.5 0.85 0.05 800 2
7657 8 5000 10 0.5 0.85 0.05 800 2
7658 8 5000 10 0.5 0.85 0.05 800 2
7659 8 5000 10 0.5 0.85 0.05 800 2
7660 8 5000 10 0.5 0.85 0.05 800 2
7661 8 5000 10 0.5 0.95 0.05 800 2
7662 8 5000 10 0.5 0.95 0.05 800 2
7663 8 5000 10 0.5 0.95 0.05 800 2
7664 8 5000 10 0.5 0.95 0.05 800 2
7665 8 5000 10 0.5 0.95 0.05 800 2
7666 16 5000 10 0.5 0.75 0.05 800 2
7667 16 5000 10 0.5 0.75 0.05 800 2
7668 16 5000 10 0.5 0.75 0.05 800 2
7669 16 5000 10 0.5 0.75 0.05 800 2
7670 16 5000 10 0.5 0.75 0.05 800 2
7671 16 5000 10 0.5 0.85 0.05 800 2
7672 16 5000 10 0.5 0.85 0.05 800 2
7673 16 5000 10 0.5 0.85 0.05 800 2
7674 16 5000 10 0.5 0.85 0.05 800 2
7675 16 5000 10 0.5 0.85 0.05 800 2
7676 16 5000 10 0.5 0.95 0.05 800 2
7677 16 5000 10 0.5 0.95 0.05 800 2
7678 16 5000 10 0.5 0.95 0.05 800 2
7679 16 5000 10 0.5 0.95 0.05 800 2
7680 16 5000 10 0.5 0.95 0.05 800 2
7681 32 5000 10 0.5 0.75 0.05 800 2
7682 32 5000 10 0.5 0.75 0.05 800 2
7683 32 5000 10 0.5 0.75 0.05 800 2
7684 32 5000 10 0.5 0.75 0.05 800 2
7685 32 5000 10 0.5 0.75 0.05 800 2
7686 32 5000 10 0.5 0.85 0.05 800 2
7687 32 5000 10 0.5 0.85 0.05 800 2
7688 32 5000 10 0.5 0.85 0.05 800 2
7689 32 5000 10 0.5 0.85 0.05 800 2
7690 32 5000 10 0.5 0.85 0.05 800 2
7691 32 5000 10 0.5 0.95 0.05 800 2
7692 32 5000 10 0.5 0.95 0.05 800 2
7693 32 5000 10 0.5 0.95 0.05 800 2
7694 32 5000 10 0.5 0.95 0.05 800 2
7695 32 5000 10 0.5 0.95 0.05 800 2
7726 8 5000 10 0.5 0.75 0.05 800 4
7727 8 5000 10 0.5 0.75 0.05 800 4
7728 8 5000 10 0.5 0.75 0.05 800 4
7729 8 5000 10 0.5 0.75 0.05 800 4
7730 8 5000 10 0.5 0.75 0.05 800 4
7731 8 5000 10 0.5 0.85 0.05 800 4
7732 8 5000 10 0.5 0.85 0.05 800 4
7733 8 5000 10 0.5 0.85 0.05 800 4
7734 8 5000 10 0.5 0.85 0.05 800 4
7735 8 5000 10 0.5 0.85 0.05 800 4
7736 8 5000 10 0.5 0.95 0.05 800 4
7737 8 5000 10 0.5 0.95 0.05 800 4
7738 8 5000 10 0.5 0.95 0.05 800 4
7739 8 5000 10 0.5 0.95 0.05 800 4
7740 8 5000 10 0.5 0.95 0.05 800 4
7741 16 5000 10 0.5 0.75 0.05 800 4
7742 16 5000 10 0.5 0.75 0.05 800 4
7743 16 5000 10 0.5 0.75 0.05 800 4
7744 16 5000 10 0.5 0.75 0.05 800 4
7745 16 5000 10 0.5 0.75 0.05 800 4
7746 16 5000 10 0.5 0.85 0.05 800 4
7747 16 5000 10 0.5 0.85 0.05 800 4
7748 16 5000 10 0.5 0.85 0.05 800 4
7749 16 5000 10 0.5 0.85 0.05 800 4
7750 16 5000 10 0.5 0.85 0.05 800 4
7751 16 5000 10 0.5 0.95 0.05 800 4
7752 16 5000 10 0.5 0.95 0.05 800 4
7753 16 5000 10 0.5 0.95 0.05 800 4
7754 16 5000 10 0.5 0.95 0.05 800 4
7755 16 5000 10 0.5 0.95 0.05 800 4
7756 32 5000 10 0.5 0.75 0.05 800 4
7757 32 5000 10 0.5 0.75 0.05 800 4
7758 32 5000 10 0.5 0.75 0.05 800 4
7759 32 5000 10 0.5 0.75 0.05 800 4
7760 32 5000 10 0.5 0.75 0.05 800 4
7761 32 5000 10 0.5 0.85 0.05 800 4
7762 32 5000 10 0.5 0.85 0.05 800 4
7763 32 5000 10 0.5 0.85 0.05 800 4
7764 32 5000 10 0.5 0.85 0.05 800 4
7765 32 5000 10 0.5 0.85 0.05 800 4
7766 32 5000 10 0.5 0.95 0.05 800 4
7767 32 5000 10 0.5 0.95 0.05 800 4
7768 32 5000 10 0.5 0.95 0.05 800 4
7769 32 5000 10 0.5 0.95 0.05 800 4
7770 32 5000 10 0.5 0.95 0.05 800 4
7801 8 5000 10 0.5 0.75 0.05 800 8
7802 8 5000 10 0.5 0.75 0.05 800 8
7803 8 5000 10 0.5 0.75 0.05 800 8
7804 8 5000 10 0.5 0.75 0.05 800 8
7805 8 5000 10 0.5 0.75 0.05 800 8
7806 8 5000 10 0.5 0.85 0.05 800 8
7807 8 5000 10 0.5 0.85 0.05 800 8
7808 8 5000 10 0.5 0.85 0.05 800 8
7809 8 5000 10 0.5 0.85 0.05 800 8
7810 8 5000 10 0.5 0.85 0.05 800 8
7811 8 5000 10 0.5 0.95 0.05 800 8
7812 8 5000 10 0.5 0.95 0.05 800 8
7813 8 5000 10 0.5 0.95 0.05 800 8
7814 8 5000 10 0.5 0.95 0.05 800 8
7815 8 5000 10 0.5 0.95 0.05 800 8
7816 16 5000 10 0.5 0.75 0.05 800 8
7817 16 5000 10 0.5 0.75 0.05 800 8
7818 16 5000 10 0.5 0.75 0.05 800 8
7819 16 5000 10 0.5 0.75 0.05 800 8
7820 16 5000 10 0.5 0.75 0.05 800 8
7821 16 5000 10 0.5 0.85 0.05 800 8
7822 16 5000 10 0.5 0.85 0.05 800 8
7823 16 5000 10 0.5 0.85 0.05 800 8
7824 16 5000 10 0.5 0.85 0.05 800 8
7825 16 5000 10 0.5 0.85 0.05 800 8
7826 16 5000 10 0.5 0.95 0.05 800 8
7827 16 5000 10 0.5 0.95 0.05 800 8
7828 16 5000 10 0.5 0.95 0.05 800 8
7829 16 5000 10 0.5 0.95 0.05 800 8
7830 16 5000 10 0.5 0.95 0.05 800 8
7831 32 5000 10 0.5 0.75 0.05 800 8
7832 32 5000 10 0.5 0.75 0.05 800 8
7833 32 5000 10 0.5 0.75 0.05 800 8
7834 32 5000 10 0.5 0.75 0.05 800 8
7835 32 5000 10 0.5 0.75 0.05 800 8
7836 32 5000 10 0.5 0.85 0.05 800 8
7837 32 5000 10 0.5 0.85 0.05 800 8
7838 32 5000 10 0.5 0.85 0.05 800 8
7839 32 5000 10 0.5 0.85 0.05 800 8
7840 32 5000 10 0.5 0.85 0.05 800 8
7841 32 5000 10 0.5 0.95 0.05 800 8
7842 32 5000 10 0.5 0.95 0.05 800 8
7843 32 5000 10 0.5 0.95 0.05 800 8
7844 32 5000 10 0.5 0.95 0.05 800 8
7845 32 5000 10 0.5 0.95 0.05 800 8
7876 8 10000 10 0.5 0.75 0.05 800 2
7877 8 10000 10 0.5 0.75 0.05 800 2
7878 8 10000 10 0.5 0.75 0.05 800 2
7879 8 10000 10 0.5 0.75 0.05 800 2
7880 8 10000 10 0.5 0.75 0.05 800 2
7881 8 10000 10 0.5 0.85 0.05 800 2
7882 8 10000 10 0.5 0.85 0.05 800 2
7883 8 10000 10 0.5 0.85 0.05 800 2
7884 8 10000 10 0.5 0.85 0.05 800 2
7885 8 10000 10 0.5 0.85 0.05 800 2
7886 8 10000 10 0.5 0.95 0.05 800 2
7887 8 10000 10 0.5 0.95 0.05 800 2
7888 8 10000 10 0.5 0.95 0.05 800 2
7889 8 10000 10 0.5 0.95 0.05 800 2
7890 8 10000 10 0.5 0.95 0.05 800 2
7891 16 10000 10 0.5 0.75 0.05 800 2
7892 16 10000 10 0.5 0.75 0.05 800 2
7893 16 10000 10 0.5 0.75 0.05 800 2
7894 16 10000 10 0.5 0.75 0.05 800 2
7895 16 10000 10 0.5 0.75 0.05 800 2
7896 16 10000 10 0.5 0.85 0.05 800 2
7897 16 10000 10 0.5 0.85 0.05 800 2
7898 16 10000 10 0.5 0.85 0.05 800 2
7899 16 10000 10 0.5 0.85 0.05 800 2
7900 16 10000 10 0.5 0.85 0.05 800 2
7901 16 10000 10 0.5 0.95 0.05 800 2
7902 16 10000 10 0.5 0.95 0.05 800 2
7903 16 10000 10 0.5 0.95 0.05 800 2
7904 16 10000 10 0.5 0.95 0.05 800 2
7905 16 10000 10 0.5 0.95 0.05 800 2
7906 32 10000 10 0.5 0.75 0.05 800 2
7907 32 10000 10 0.5 0.75 0.05 800 2
7908 32 10000 10 0.5 0.75 0.05 800 2
7909 32 10000 10 0.5 0.75 0.05 800 2
7910 32 10000 10 0.5 0.75 0.05 800 2
7911 32 10000 10 0.5 0.85 0.05 800 2
7912 32 10000 10 0.5 0.85 0.05 800 2
7913 32 10000 10 0.5 0.85 0.05 800 2
7914 32 10000 10 0.5 0.85 0.05 800 2
7915 32 10000 10 0.5 0.85 0.05 800 2
7916 32 10000 10 0.5 0.95 0.05 800 2
7917 32 10000 10 0.5 0.95 0.05 800 2
7918 32 10000 10 0.5 0.95 0.05 800 2
7919 32 10000 10 0.5 0.95 0.05 800 2
7920 32 10000 10 0.5 0.95 0.05 800 2
7951 8 10000 10 0.5 0.75 0.05 800 4
7952 8 10000 10 0.5 0.75 0.05 800 4
7953 8 10000 10 0.5 0.75 0.05 800 4
7954 8 10000 10 0.5 0.75 0.05 800 4
7955 8 10000 10 0.5 0.75 0.05 800 4
7956 8 10000 10 0.5 0.85 0.05 800 4
7957 8 10000 10 0.5 0.85 0.05 800 4
7958 8 10000 10 0.5 0.85 0.05 800 4
7959 8 10000 10 0.5 0.85 0.05 800 4
7960 8 10000 10 0.5 0.85 0.05 800 4
7961 8 10000 10 0.5 0.95 0.05 800 4
7962 8 10000 10 0.5 0.95 0.05 800 4
7963 8 10000 10 0.5 0.95 0.05 800 4
7964 8 10000 10 0.5 0.95 0.05 800 4
7965 8 10000 10 0.5 0.95 0.05 800 4
7966 16 10000 10 0.5 0.75 0.05 800 4
7967 16 10000 10 0.5 0.75 0.05 800 4
7968 16 10000 10 0.5 0.75 0.05 800 4
7969 16 10000 10 0.5 0.75 0.05 800 4
7970 16 10000 10 0.5 0.75 0.05 800 4
7971 16 10000 10 0.5 0.85 0.05 800 4
7972 16 10000 10 0.5 0.85 0.05 800 4
7973 16 10000 10 0.5 0.85 0.05 800 4
7974 16 10000 10 0.5 0.85 0.05 800 4
7975 16 10000 10 0.5 0.85 0.05 800 4
7976 16 10000 10 0.5 0.95 0.05 800 4
7977 16 10000 10 0.5 0.95 0.05 800 4
7978 16 10000 10 0.5 0.95 0.05 800 4
7979 16 10000 10 0.5 0.95 0.05 800 4
7980 16 10000 10 0.5 0.95 0.05 800 4
7981 32 10000 10 0.5 0.75 0.05 800 4
7982 32 10000 10 0.5 0.75 0.05 800 4
7983 32 10000 10 0.5 0.75 0.05 800 4
7984 32 10000 10 0.5 0.75 0.05 800 4
7985 32 10000 10 0.5 0.75 0.05 800 4
7986 32 10000 10 0.5 0.85 0.05 800 4
7987 32 10000 10 0.5 0.85 0.05 800 4
7988 32 10000 10 0.5 0.85 0.05 800 4
7989 32 10000 10 0.5 0.85 0.05 800 4
7990 32 10000 10 0.5 0.85 0.05 800 4
7991 32 10000 10 0.5 0.95 0.05 800 4
7992 32 10000 10 0.5 0.95 0.05 800 4
7993 32 10000 10 0.5 0.95 0.05 800 4
7994 32 10000 10 0.5 0.95 0.05 800 4
7995 32 10000 10 0.5 0.95 0.05 800 4
8026 8 10000 10 0.5 0.75 0.05 800 8
8027 8 10000 10 0.5 0.75 0.05 800 8
8028 8 10000 10 0.5 0.75 0.05 800 8
8029 8 10000 10 0.5 0.75 0.05 800 8
8030 8 10000 10 0.5 0.75 0.05 800 8
8031 8 10000 10 0.5 0.85 0.05 800 8
8032 8 10000 10 0.5 0.85 0.05 800 8
8033 8 10000 10 0.5 0.85 0.05 800 8
8034 8 10000 10 0.5 0.85 0.05 800 8
8035 8 10000 10 0.5 0.85 0.05 800 8
8036 8 10000 10 0.5 0.95 0.05 800 8
8037 8 10000 10 0.5 0.95 0.05 800 8
8038 8 10000 10 0.5 0.95 0.05 800 8
8039 8 10000 10 0.5 0.95 0.05 800 8
8040 8 10000 10 0.5 0.95 0.05 800 8
8041 16 10000 10 0.5 0.75 0.05 800 8
8042 16 10000 10 0.5 0.75 0.05 800 8
8043 16 10000 10 0.5 0.75 0.05 800 8
8044 16 10000 10 0.5 0.75 0.05 800 8
8045 16 10000 10 0.5 0.75 0.05 800 8
8046 16 10000 10 0.5 0.85 0.05 800 8
8047 16 10000 10 0.5 0.85 0.05 800 8
8048 16 10000 10 0.5 0.85 0.05 800 8
8049 16 10000 10 0.5 0.85 0.05 800 8
8050 16 10000 10 0.5 0.85 0.05 800 8
8051 16 10000 10 0.5 0.95 0.05 800 8
8052 16 10000 10 0.5 0.95 0.05 800 8
8053 16 10000 10 0.5 0.95 0.05 800 8
8054 16 10000 10 0.5 0.95 0.05 800 8
8055 16 10000 10 0.5 0.95 0.05 800 8
8056 32 10000 10 0.5 0.75 0.05 800 8
8057 32 10000 10 0.5 0.75 0.05 800 8
8058 32 10000 10 0.5 0.75 0.05 800 8
8059 32 10000 10 0.5 0.75 0.05 800 8
8060 32 10000 10 0.5 0.75 0.05 800 8
8061 32 10000 10 0.5 0.85 0.05 800 8
8062 32 10000 10 0.5 0.85 0.05 800 8
8063 32 10000 10 0.5 0.85 0.05 800 8
8064 32 10000 10 0.5 0.85 0.05 800 8
8065 32 10000 10 0.5 0.85 0.05 800 8
8066 32 10000 10 0.5 0.95 0.05 800 8
8067 32 10000 10 0.5 0.95 0.05 800 8
8068 32 10000 10 0.5 0.95 0.05 800 8
8069 32 10000 10 0.5 0.95 0.05 800 8
8070 32 10000 10 0.5 0.95 0.05 800 8
